<?xml version="1.0" ?>
<PyBrain>
	<Network class="pybrain.structure.networks.feedforward.FeedForwardNetwork" name="FeedForwardNetwork-5">
		<name val="'FeedForwardNetwork-5'"/>
		<Modules>
			<LinearLayer class="pybrain.structure.modules.linearlayer.LinearLayer" inmodule="True" name="inLayer">
				<name val="'inLayer'"/>
				<dim val="28"/>
			</LinearLayer>
			<LinearLayer class="pybrain.structure.modules.linearlayer.LinearLayer" name="outLayer" outmodule="True">
				<name val="'outLayer'"/>
				<dim val="10"/>
			</LinearLayer>
			<SigmoidLayer class="pybrain.structure.modules.sigmoidlayer.SigmoidLayer" name="hiddenLayer0">
				<name val="'hiddenLayer0'"/>
				<dim val="30"/>
			</SigmoidLayer>
		</Modules>
		<Connections>
			<FullConnection class="pybrain.structure.connections.full.FullConnection" name="FullConnection-3">
				<inmod val="inLayer"/>
				<outmod val="hiddenLayer0"/>
				<Parameters>[-0.35077968861681003, 1.0078630070234498, -1.1033127542698911, -1.4050978691954701, -0.30173911857601798, 0.3878273469235079, -0.29185792076920009, -0.18154876120082608, -0.78870452563192806, 0.16144679642701801, -0.68479538192569234, -0.46599330355746493, -0.90316360178482236, -2.6323175077144203, -0.23995249491422052, 0.1934432433303247, 0.70713575290527231, -1.8340022601903578, -0.35230185049253249, 0.84787663195789653, -2.0054821541366823, -0.25621124477539503, -0.056365892244186727, -0.32416388997431606, 1.2641013134846919, 0.53119543231569766, 0.38977195769380207, -0.71213373821145032, -0.96884071339268796, 3.0973856886665136, 0.95303221596357857, 0.81636610597557679, 0.58109955266646385, -0.28474171009240495, -1.0076139897811083, -0.52901450197606803, 0.75698372968055594, -0.87385178836941757, -2.0399581438056331, -0.17006932755771859, -0.41070486790937938, -0.48735389295725107, -1.1481899722170947, -0.16750033626217001, -0.69966086840341302, -2.8623964148933547, 0.22512993916204799, -0.053928406271033784, 0.56066129791517172, -0.61611070474479968, 0.63298424210426674, 0.22920512364093379, 0.47333744434899966, -2.1158950678645283, 0.56441856336802687, -0.60696281190711376, -1.9298893560956345, -0.82370023319174535, -1.4872404930011822, -0.20301882307316096, -1.9207833261033993, 1.4601875748582018, 1.0045231720542815, 0.87393699664763524, 0.85222322612891577, 0.55931259050247084, -0.02430126936411028, -0.60891744694630379, 2.2624063311667437, 1.3363789422910537, 0.57919383333748298, -0.15042594989721689, 0.037940185133841106, 0.60587850977709401, 0.73099328346597303, -0.21936986403937714, 0.27026491374286771, 0.32529974362149705, -0.64092914906315035, 1.0120184103412642, 0.564707410402429, 1.5052655143767031, 0.42906696713251014, -0.67015923420267165, -1.0304364816788951, 0.90489067076696239, 1.222274496399244, -0.89913704275449913, -0.30224974042297725, -0.16913702154860993, -0.45372028245235801, -1.4148616562856491, -0.52382706248039856, -1.8708798090768306, 0.19278249411844151, -0.72319776001009972, 0.66959735710016721, -0.12990585271409069, -0.2988450988895382, -1.0385256434397199, -1.3375753024905928, 1.1649533258239269, -1.7231660007493406, 1.3335377413151037, -0.49756976256508456, 0.23110004173472506, -0.26651186762692025, -1.4295856631806663, -1.1149514979428432, 1.3740948272278961, 1.1531279477614897, 1.5363577582743391, -1.0517315130285028, -0.17513351267214283, -0.23966207636945022, -0.13394334262383015, 0.11467313995119657, -0.20185833604328846, 0.77498146769480802, -1.1938471339840731, 0.52070343778106731, -1.3655474252183344, 0.70775714906476461, -2.9265448414842625, -0.2741002052027719, 0.85102435815521005, -1.0587035385413648, 0.75366484143718915, -0.6020395975566758, -1.2062837335257961, 0.40694937416219834, 0.47445845023591943, -1.8161676890429215, -0.60236619384431511, 0.0019722996002584509, -0.62462348900057885, 0.28575550656270277, 1.2282114335156693, -1.3116707306014386, 1.3222646955030313, 1.9733688348193963, -0.67006038196189555, -0.097389759964221764, -1.1627780806677965, 0.86507158583964472, -0.08997607703865336, -1.181711140104152, 1.8028893223802487, -1.0669970975448302, -0.81281361418626918, -0.99050223224054468, -1.2042320335097347, -1.5442521579102528, -1.2043972455878498, 0.54808483103972028, 0.12433825729922819, -1.3272619183207965, 1.1964062553660515, -0.47457632272920508, -1.1559858253877513, -1.2579843661850119, -0.48898218579316999, -1.8398539114853514, 0.25902656768467969, -0.97541324447292999, 0.61503506343433045, -1.9455616857939351, -0.14413578219301057, 0.31729812467678664, -0.90052273168430486, 0.3829345065253838, -0.21244803708763135, 0.2074951647501902, -1.1843547251738402, 0.032421003853558054, 0.47183447762606345, 0.20237711461339522, 0.016808608509440978, 0.94034022639647874, 1.3416992284588574, 1.5704220947026581, 1.2442007075238171, 1.6357696487776858, -1.2527678717769466, 2.5790297456450832, -0.90490614842439532, -0.66053588498660964, 0.68920052172874191, 1.132430958975148, 1.1226106054188194, -0.62461263745014861, 0.40380823091340851, -0.4445893954760004, 1.8452720539090124, -0.10639086128516781, -0.8223396013115617, 0.42107894593931211, -1.2097066280776159, 0.78962815680716913, 1.6266644331224309, 0.025809740783246007, -1.9199264861874217, 0.24865677734914271, 0.79657431723784622, -1.2756959510827417, -1.6079280998178851, -0.45705310054552617, 0.37166771144455241, -0.43944155800837953, -0.039999223717818895, -0.61272807179826549, 0.0097166310440901498, -0.45166966423729493, 0.23142687880521853, -1.4688335398769903, 0.54724674525223449, -0.52883083437576339, -1.3584016732427364, -0.5934205382521508, -0.75251342121737619, -0.61587741695805587, -0.89552484059024051, 0.44422149571176295, -1.4286193451194802, 0.013666467202894689, 1.0992036666176581, -0.5186591128816187, -0.3613688635363983, 0.042334271073623364, 0.046039871552997574, -0.17417913366416399, 0.25228862893242887, -1.1761686046585398, -2.2756029110659273, -0.06327593254115213, -1.0091951600056606, -0.36984813621112866, -0.47755376590458654, 0.17008741898416657, 0.98943962972482846, -3.5014612137331396, 0.51804892836244554, 0.58221388286989462, -0.88009699381186535, -0.018389734486972051, -0.56132078696673016, -0.98646601965439407, 0.5158975161427144, 0.94218103939099462, -0.19193421801365076, -1.3726740760201523, -0.3866887141049225, -0.78949770733207214, -0.58437567972281101, 0.50667712745090188, -0.71390647572720678, 0.57125042071272247, -0.56055034680222837, 0.73291548089707093, -1.8947122224051653, -1.1248205544664436, 0.36202091932059238, 0.42179256228213979, -0.68376392478791348, 0.12926520385583778, -0.32540328133497254, -0.8336093167981139, -1.271651760294862, 0.64928821620904731, -0.80073349845920971, -0.2047937765010153, -0.45708832274115113, -0.86920407155698209, -0.17750162515455345, -0.6169885611268755, -2.2857569578573722, 0.21185923611390478, 1.5267364872793399, -1.8389218702700632, 0.65369039951549612, 1.1026890303677155, 0.16765133623518594, -0.091371269432122648, -0.90177279096486185, -2.0085373163655573, 0.94622454707236636, -0.50754533818258574, -1.2639601539172562, 0.081551021391680995, 0.71200531211431595, -0.062485160914193122, -1.4541053179115566, -3.1910171816693111, -0.0079323763932877874, -0.13739154225114669, -1.7863404167023251, 0.71878560861441809, -0.43672252600220357, -1.1869521170509278, -1.1407696262979623, 0.49492750805679869, -1.7186460200488289, 0.074642275860683296, -0.59355901632583741, -1.406605347231179, 0.78398868034662283, -0.41828361894941857, -0.1449164695046698, -0.095765074552216709, 1.6843008733478344, 1.7064700222536875, 0.27389515308487755, 0.099806201479627793, 1.5403349149427747, -0.67845003573105456, -0.6001494803248012, 0.72982836782025284, -0.56483301876912351, -0.58837140588857262, -0.92070581935409757, -0.74097789306482331, -0.14917669744055378, -0.10990917150266044, -0.89097768165446656, 0.70820852204226281, 0.1938535792459721, -0.53621809234875872, -2.7720396188081642, 0.00078871730763228236, -0.68860829346095387, 0.33651570199879094, -1.2137284607423038, -0.60977211003506882, -0.68827021536001587, -0.067075066600639874, 0.95219817098622861, -0.28549191320004902, 1.3074451476847968, 0.27052251408963052, 0.84862771991176633, -0.82911850599314341, -0.75041477015009728, 0.1817616156946954, 1.3210122432346865, 0.2575200356180864, 1.901853909542166, 1.900462216208602, -0.7918776046788123, -0.087554029526191096, 1.3744935097346727, 0.50410190244695652, -0.32248654078177558, 0.29375415996534426, 0.60478228502997933, -0.41573620556143281, -0.15119381829396503, -0.66814564393899478, 2.3440432784034124, 1.8042860461001173, 0.45782867345212636, -0.23367947273397965, 1.2005866108426186, 1.6697034965185609, -0.1429990310519357, 1.5071657255250699, 0.026949968376395374, 1.2128058488672215, -0.811905018625246, 3.010468933254268, 1.116339526505159, 0.39207769963026046, 1.0485580539014798, 1.1747628816642699, -0.61159116422410165, 2.3683494981016557, 1.1264725579064467, 1.4533265048671296, 0.95256047850977255, -0.65549982312006572, -0.20883718637507631, 0.70195654185935075, -0.25246978722015928, -0.60226654732807638, 0.14245507637948748, -0.56795831906758187, 1.6008410417596306, 1.1280972867720882, -0.094096961665316517, 1.3481676519986818, 1.362592497437386, 0.74485936497135052, -0.27124511138089324, -0.58809015115918883, 2.0215771491960224, 0.66902199537503582, -0.4260142063053427, -1.1174074116059882, -0.11408979561992565, -0.77982729012124163, -0.99639424857263836, -1.2574773384441003, 0.27415393349405465, -1.3508030437085914, -2.5004428038927871, -1.2096370010059381, -1.3986118076418328, 1.05038997275097, -1.2594220940125527, 0.81336589328387709, -0.4949920236987369, 0.84697533424303817, -1.5892905723519759, 0.49571064787212399, 0.29035383302396917, 0.0067644163409270033, 0.68761321712618118, -0.19683537956886754, 0.61159756129787968, -0.42987602742591852, -0.011964617603687248, -0.7669498414166892, -0.41524707665424282, 1.0910602113263346, 0.55957854833379017, -0.80874694177987994, 0.83203459125118595, 0.81588824931015846, -0.2758594744299977, -0.65595271068977068, -1.5744741462865424, 0.31167831992553752, -0.80095304065110473, -2.3971672196937464, -0.82550021483911418, -0.29171728291807847, 0.12369346588305197, -1.9260013488615315, 1.5699684482176521, -1.3822073734202958, 0.34858316862995153, -0.45666491093395395, -1.5207328933138968, 0.20494875257919479, -0.80143760303959621, 0.24625689921049881, 0.58331835240459795, -0.42478433854914704, 1.4743886502311265, 0.97436305180830374, -0.75347596581527365, 1.3990906344124787, -1.118509502293106, 0.30175217306003788, -1.1519861274738619, 0.6771836579294056, -0.60580524577300621, -1.5454724651237997, -1.0873155772503167, -2.2641057593304197, -0.83035110900132247, -0.49593664088324829, -2.2122395250800939, -0.012829219332787113, 0.17660123673167705, -1.6519068321902082, -0.9228738885858494, 0.091635433539071637, 0.4198961279793969, 0.11078554932431095, -1.3119312938495311, 0.5764710901521336, 0.37043138868587966, 0.23056708116798041, 0.7669634037416504, 2.4621584359066513, -1.9293394314697045, -0.055214534422823036, 0.17751995990578087, 0.48405373242112754, 0.10524794835874576, -0.97002630191259465, -1.5294681963759278, 0.49084336676941975, 0.96210393800556149, -0.3189064596341244, -0.62847724468368615, 0.4599273541614346, 1.7680589129697293, 1.3920326207386957, 0.55127196291233116, 0.91279240447236554, 0.30892606415866386, 0.051858598076292069, 1.0973789865752466, -0.76998683643379517, 0.20519342908570687, 0.45173069679691485, 0.84674020831702845, 1.5718028396288948, 0.44688806223385341, -0.79427994802517932, -0.2443947644888621, 0.6809244530506513, -0.75208518787097545, 0.39708533487161929, 0.12024437818894346, -0.57184028682586996, 0.14504839210361567, -2.0356102661453184, 1.1622604019463141, -0.95204776742221164, -1.1036456637957481, -0.93469330104190285, -1.8416211229111468, -0.74655724829829095, -0.038024467804673986, -2.8372808473706028, 0.16354121100079352, 0.17933467175714671, -0.92876718591599505, -2.1249392003550911, 0.11627805962315314, 0.97951142535905344, -0.59530335562373815, -0.13708152741965129, 1.4257524647905679, 0.0086316749776636469, -0.16859422833786594, 1.8702446539241753, 0.52755335275572202, 1.2936720617898279, -0.092564488043555562, -1.0440790992744722, -1.3017616428729053, 0.03074026547172307, 1.0737782173959252, 0.91905756819367046, 0.60219456387821879, -0.48035145824152914, -1.0380477543293316, -0.082820128804498974, -0.33745957574555124, -1.8420974127270227, 0.14785125501414059, 0.19599820796530609, 0.35030363958226385, -1.0371462247579601, -1.0194435943239759, -1.5627624187318676, 0.48669714501708627, -0.74454983246525885, -0.93142900917076288, -0.37118525550439307, 0.032612652294502734, -1.0959267087080098, -0.51436843754991401, -0.16249346844245871, -1.0827525569059506, -0.82888451127265428, 0.28326980557650838, 0.11664952614267726, 0.69607280373130653, 0.81946960387773193, 0.40168170229937888, 0.45890148422205401, -1.326445596218738, -0.32238807392555996, -0.4274532163119919, -2.0401447668779529, -1.2803492704428554, -0.58557707101907541, -0.49227281111828031, 0.12436227863192416, -0.18280349892150813, -2.2452631640772815, -0.21473673353901621, 0.48543883067877702, -1.1057986275760618, -0.16851525938245013, 0.55503250867849441, -1.2232093192584803, 0.48858964751988687, 0.94578155849410916, -0.48001780737738348, 1.0205647712409383, 0.22769156678322267, -0.72331202518904281, -0.33022631618122755, -0.39242630858826233, -0.65019335757670338, 1.084514318595422, 0.025501430683642853, 1.2932415882082411, 1.6997915060979827, 2.3539265130381106, 0.8796005130027913, 0.41389459602228518, 0.91119758570575504, -0.24353557146333099, -0.48518031436820758, 2.6660748205424496, 0.8392534441452012, 1.5345216892959843, 1.2091034670006127, 0.54452526283799596, -0.91123488492046978, -0.31714642275011423, 1.1050867699755687, 0.96977339814706554, -1.5790030494067959, -0.34427546491428368, -0.2457882662586244, 0.95754885130110012, 0.94871208450126721, 1.678274642584711, 1.2663376155099841, -0.73984654964250163, 0.66662460996606154, -0.2320396474643564, -1.4745974051974882, 0.88789006513873792, 0.45630603213054011, 1.0518811450499395, 0.79612374327283297, -0.080501142792938254, 0.67666029447774245, 0.35176540946210683, 1.5780408323430732, -0.62034551792360948, -0.53922951031517996, 1.651464715702132, 0.85938816385346439, -0.97915681203855531, 1.9048262504248543, 0.79998372761278091, -0.24712029998635762, 0.17548970164761354, 0.32848769926527188, -1.0547144169315339, 1.3712248811519963, -0.27445372724618722, 1.995990077818427, 0.92291450384314111, 0.83446621597439907, -2.7085257970381513, 0.30600088921848162, 1.2412010360144639, 0.3473829148828374, 1.0534225981895682, 1.147225842652043, -2.187145608351075, -2.346850289667294, 0.66209053356127967, -0.14581454734552601, -0.31439601504834691, -1.5074944501248779, -0.19728060113824938, -1.7759916887514959, -0.97184475898285061, -1.282164539794626, -1.5960470778844482, -2.0797972176379353, 0.53048385641298534, -0.083200927362824834, -0.062339790844161254, 0.44816189770572923, -0.3207937999655821, 0.34970287127351313, -0.2133858858606491, 0.81341942336686179, 0.27368767761510499, 0.020521763154733818, -0.58527693203091269, 0.64228648378609954, 1.2558027114793837, 0.71275460820715375, 0.97419542220147537, -0.74701230064582969, 0.66795471706672382, 2.0779863094783626, 0.52133668946327127, 1.2699831631800458, -0.043208588388697275, 1.0284495114519911, 1.1489895164240076, -0.98197601294418568, 0.87525050416653016, 1.5749862177794793, -0.18333945630304513, 0.34595013219978549, -1.2840315397782831, 0.317823227504548, 0.39582520535407362, 0.62581005986910931, -0.89425184773883326, 0.08985187998506132, 1.1862086077732412, 0.31017840983380074, -2.2507114200888028, -1.5915725937269416, -0.99409262347683658, 0.085912356834444981, -0.098025647860369061, -0.33837560905678943, -1.1029496605055749, -0.19899300301576997, 0.14221413438438213, 0.66566596359745378, 1.2132777636994334, 0.38810343074032744, -0.93966566471060298, 0.72462221411824623, 1.0585402477505332, -0.6463158399067872, 0.581999181273683, -0.6455019868901537, 1.0027503251694494, 0.96222846700684816, 2.2395360501454924, -0.27592420231497067, 0.73473962798062853, 1.0386016375711777, 1.2568887707729055, -0.026079131401153543, -0.14612398628058548, -0.79528180068341137, -0.89125662825032104, 1.6973520878130364, 1.1594499920303922, -0.24407444062086567, 0.62044583830049815, -0.21623894770946556, -2.0907822220574741, 0.90830359465218069, -2.4670168226899811, -0.048828646306426172, -0.98494492786204169, -2.4475095465325474, -0.49907689193361393, -1.1752273145882188, -0.10471002489322792, -0.019226810140890001, -2.0178985366990156, 1.1538506162010012, -0.4908387819662885, 0.33745237441066944, 0.14309732484380905, -0.34276159465726408, -0.62327926803537992, -1.1231873991803198, -0.86677814841271972, -1.4783374521467518, -1.9040908479849759, 1.9636202422141771, 1.3407374612065723, 0.14813540522788685, 1.3247529474487303, 0.99595142464395614, 1.4911988541079304, 0.94726501906358673, -0.54338641113774822, 0.026866318364736241, -0.91709963727704935, -1.3482586747113039, -1.7984632528737217, -0.39289440983870533, -1.7048905453609935, 0.35892278539387462, 0.13239576723254656, 0.0080574531122333797, -1.615677335374939, -0.75676696703316237, -0.30811856425120876, 0.48858266533797734, -0.042252465557665077, -0.9953729308428042, -2.2917006099415067, 0.51662675639102695, -0.51349212144070144, 1.4504065063957832, -0.39797720974998568, -1.8105929842823218, -0.10904028047507841, 0.26803811462765237, -0.97262969650380704, 0.68849684315875059, -0.92062010227770985, -0.90422797058393811, 1.3022675692911072, -0.8622970438300317, -0.47826121748709188, -1.2525424518578445, -1.1102568594399, 0.1572492441086836, -0.052571564351971377, -0.50455935001094088, -0.51865246854882108, -0.94311172421243195, -1.3922362044846281, 0.4574520126266941, -0.48455032233714018, 0.64091447762043452, -0.63415272393811994, 0.61898892957526885, -1.4458028822483378, 0.90255315493431587, -1.1770644846417129, 0.8860426423043275, 0.81297385838717051, -0.24129421842797266, -1.1058106504068286, -0.71558206405763813, 1.4986679402991541, 0.10891099124692263, -1.3582976695793789, 1.4075167743575798, -1.3592593566303792, 0.39435334685629081, 3.11083503561543, 0.30952967074609222, 0.45964977175250149, 1.7040881938714758, -0.086268705679490396, 0.56833904649823763, -0.32967041325673796, 0.65546528548864325, 0.61723398143640917, 0.30047698371378456, 1.4223454463112279, -0.84611334550784512, 0.64926938375475307, -1.1152621263133664, 0.6058440566085197, 2.7392126394401082, -0.48478690460265467, -0.54872910975152245, -2.1754982273494594, -0.46678855385656221, -0.2231239928214431, -0.23160786943291728]</Parameters>
			</FullConnection>
			<FullConnection class="pybrain.structure.connections.full.FullConnection" name="FullConnection-4">
				<inmod val="hiddenLayer0"/>
				<outmod val="outLayer"/>
				<Parameters>[0.78744321568266251, 1.0117843927893895, 0.32186060244050535, -0.28543788582153223, -1.0035806006483188, 0.034406857139374192, -0.10818125312903297, 1.0038466568537774, 0.73105701041959004, -1.7574851978968942, -0.89155730988688553, 0.4017433726386771, -0.23837378540476001, -0.85475128425502267, -0.57112548918295725, -0.23285225583187735, -0.28694877368126925, 0.60388261913167884, -0.92203947730600455, 2.1656799798618893, -1.3956664865008999, -0.036361971310305753, 0.24534223947274689, -1.1010398465980151, -1.369127899012452, 0.16751815828301617, -0.67074137243416188, -2.67862305684366, -0.44135011496371557, 1.3095970922282285, -0.57862519312763983, 2.4696108811935136, -0.39603653270897327, -0.80458738705216193, 0.5793988262158366, 0.37080339775171711, -1.1608362072249476, -0.94323690280559791, 0.12274130932313436, -0.22390270927600903, 0.86134756608819407, -0.65158777904981624, -0.165428065740719, -0.66043147770181865, -0.088061327308974494, 0.35124352767744649, -0.94183478811723853, -0.64350593642437848, 1.0247685666766366, -0.11651803181532761, 1.1304878724321734, 1.2123910713211861, 0.37786707991264162, -0.23880184239322341, 0.64931015401038661, 1.8296901402324897, -0.54284816994588814, -1.4821760129034629, -0.77111344966066075, -0.96399504685556148, -1.7350725547689936, 0.55542729446772388, -0.099524762637463224, -1.7097042198933188, 1.7318671454253001, 0.69246769311694945, -0.50089725990283185, 0.23071728254299584, -0.43073162763120493, -0.70574588456314602, 0.67037908527406187, 0.95687487374957336, -0.72651068304642041, 0.15000513321574477, -1.7459453188564511, 0.010330851201130533, 2.1357272394874212, -0.24218959129456413, 0.78246408904001641, 0.41512321741562436, 0.39568697033432504, -0.30431248972657715, -0.21689377859734332, 0.16064619588356838, 1.9423527954409638, 0.21995567002398714, -1.4439848076958346, -0.28273466304128742, 0.62612635052275933, -0.099193101936661698, -0.57161796280204502, 1.1853197150038652, -0.74577452428948121, -0.63515076889178146, -0.19992487204392734, 1.0308194444387184, 0.26045306672970492, -0.59501510377207867, 0.97555960375362361, -0.39686227480202918, -0.7126911829101783, -0.82794920853324672, 0.25522203997720316, 0.066187915044979465, -1.579415420746128, 1.9144940319066801, 0.21743808156336147, -0.46507561061037889, 1.0533357930791076, -1.8751461984005136, -0.88636527197607828, 1.0069539606039493, -0.22093741385026303, 0.23549593099841137, 0.076944203849522164, 0.35097139408085848, 0.21645042468324679, 0.81711762795170173, 1.2807343981158188, -0.51380443815500798, -1.4429361702430819, 0.56627715525045219, 0.77355490773758029, -1.0371803839101723, 1.1216479121887348, -1.0693937972629199, -0.43970279982409738, -1.595943917786087, 0.30386746988911334, 1.181851931103896, -2.0684231816873941, -0.086077854508198104, 0.29913831094567878, -1.7802705943626604, -0.32008007859047422, 1.6890256465514324, -0.71456805687407554, -1.2418600374607354, -1.6329404588572698, -1.4036750153654549, 0.51927334334231612, -0.69535348723134016, 0.1752756634694069, -2.6141364611398483, 0.86003371691422603, 1.5228455158686252, -0.075937072792210097, 1.569294970928897, -0.54669953020352613, 0.7186325886161995, -2.1808469889070774, -0.62060150814706005, 0.43157197222075072, 0.66472167796075643, 0.6212287098321051, 0.61570533469160582, 1.6332514464573893, 0.15723024011000017, 0.54115694916090706, -1.2120453942247231, -1.8669948624111561, -0.10658768040803905, 0.12694607058073878, -1.5264018447657528, -1.5599098706366752, -0.73924763442428199, 0.29638316188579644, 0.19924173009644514, 0.40580487216091199, 0.78117862858290432, 1.2510120972278664, 0.032830016700582172, -0.42056558994957072, 0.3960067516005612, -0.8040765823411411, -0.052933638266997117, 1.7289679947419454, 0.91503566759057986, -0.9962045400592876, 0.49805729948678562, 0.33795525154266215, 2.114099332454761, 0.24718372607257519, -0.22249642494418784, -1.0268247322334385, -1.2591360245549164, -0.90339269271760392, 0.16401415053650567, 0.7177712685197486, -0.54666235212305836, -0.33746536286928425, -0.3481415355361191, -0.55918840355242105, 0.67505457985551565, -2.4349732529507624, 0.1029550001703116, -0.81462567384710183, 0.019332630066843437, 1.0629590484368792, 2.0883876756809232, 2.8075289581475231, -1.0520469365999947, -1.5061921202367636, -1.4917086947847691, 0.52340150445658551, 1.0500136563772919, 0.33137133749136338, 0.41572314694918927, -0.16273755209609045, 1.6047757864689935, 0.32235676292507887, 0.095881167604291218, -0.0096478492317457979, 1.801989413896955, -0.26007791790459922, 0.85249206630149899, 1.5100237190566057, -2.7124140364235738, -0.64203959257512178, 3.4995732574871825, 0.45568308279367215, -0.84301503458610727, -0.4399802683957868, -0.52071944432669226, -0.78922974816097358, 1.2119726371734614, 1.858970002377776, 0.61456086260021081, -0.19498618161320896, 0.57124755408883909, -0.040202318404080055, -0.40638435354202773, 1.4256994329042747, -0.25215728346917993, 0.0055585947427755095, -1.5174610000844149, 0.4414141859920393, -1.0658503191014299, 1.2498298074169583, -0.64435799791863835, -0.89274921955664721, -0.1213784445123806, -0.67901286686886342, 1.0161855636360309, -1.4960544753882985, -0.87037343976563963, -0.67508623790973443, -0.93552701492812484, 0.73185249392564744, -1.8497070777709168, -0.26952279955555808, -0.068419464043946693, 0.26696193287686504, -1.16823351616042, 0.26976290823814292, 0.21216390444197786, 1.2770750312898842, 0.61741421053554946, -0.38041221929398611, 0.37440008706940076, 1.8077290555004837, 0.69783040216136405, 1.5131386722487399, 0.94063744051819032, 0.34465668415210954, -0.24808290218497092, 0.20704924101604094, -1.4249079346612736, 0.1250198505892586, -0.53476745364562406, -0.64811252852827517, -1.4010589135561571, -1.2192296522671018, 0.61430949640598953, -0.22432198446278115, 1.069115930431016, 0.45918791941303899, 1.3050667514546901, -1.157818205062229, -0.838533179741484, 0.90953894031053439, -0.24971320735127475, -0.39798352701130951, 0.24051862506404548, -0.078291370031978003, 0.59334495727524961, -2.516574263038899, 0.56885411975243194, -0.1957626754197305, -0.17149282591090934, 1.7427924136704258, -1.4774194943876322, 1.0130928126799621, -0.32819025706042032, 0.30885327887872993, -0.010094677363984181, -0.3723770880185599, 2.8124958691726034, -1.0162202043825173, 0.63859839849289213]</Parameters>
			</FullConnection>
		</Connections>
	</Network>
</PyBrain>
